%YAML:1.2
link2world_pose: !!opencv-matrix
  rows: 4
  cols: 4
  dt: d
  data: [ -1.0,  0.0,  0.0, 0.0211199,
          -1.06057524e-16, -8.66025404e-01, -5.00000000e-01, -0.0238403,
          -6.12323400e-17, -5.00000000e-01,  8.66025404e-01, 0.6,
          0, 0, 0, 1 ]